170 26
170 52
170 78
170 104
170 130
170 156
170 182
170 208
170 234
170 260
220 26
220 52
220 78
220 104
220 130
220 156
220 182
220 208
220 234
220 260
270 26
270 52
270 78
270 104
270 130
270 156
270 182
270 208
270 234
270 260
320 26
320 52
320 78
320 104
320 130
320 156
320 182
320 208
320 234
320 260
370 26
370 52
370 78
370 104
370 130
370 156
370 182
370 208
370 234
370 260
420 26
420 52
420 78
420 104
420 130
420 156
420 182
420 208
420 234
420 260
470 26
470 52
470 78
470 104
470 130
470 156
470 182
470 208
470 234
470 260
520 26
520 52
520 78
520 104
520 130
520 156
520 182
520 208
520 234
520 260
570 26
570 52
570 78
570 104
570 130
570 156
570 182
570 208
570 234
570 260
620 26
620 52
620 78
620 104
620 130
620 156
620 182
620 208
620 234
620 260